spawn:
  world: world
  x: 1159.600604925708
  y: 75.0
  z: 464.529012984918
  yaw: -181.79987
  pitch: -2.8499997
firstspawn:
  world: 'world_the_end'
  x: 281.333273773235
  y: 61
  z: -495.24345930348215
  pitch: 3.065604
  yaw: -183.49023
