lastAccountName: Rabotyaga
timestamps:
  login: 1562015346410
  logout: 1562015538327
ipAddress: 77.222.102.112
lastlocation:
  world: world
  x: -914.0
  y: 68.0
  z: -442.0
  yaw: 0.0
  pitch: 0.0
geolocation: Russia
logoutlocation:
  world: world
  x: -920.0616130774268
  y: 69.0
  z: -444.3205119942971
  yaw: -114.07434
  pitch: 29.81471
