lastAccountName: Hostile
timestamps:
  login: 1563981439445
  logout: 1563982120605
ipAddress: 77.222.102.112
lastlocation:
  world: world
  x: -914.0
  y: 68.0
  z: -442.0
  yaw: 0.0
  pitch: 0.0
geolocation: Russia
logoutlocation:
  world: world
  x: -915.5631234720302
  y: 68.0
  z: -441.6837200297656
  yaw: -57.69232
  pitch: 14.5139885
