lastAccountName: umbrella
timestamps:
  login: 1561840547065
  logout: 1561840628015
ipAddress: 78.29.121.66
lastlocation:
  world: ourservers
  x: -914.0
  y: 68.0
  z: -442.0
  yaw: 0.0
  pitch: 0.0
geolocation: Russia
logoutlocation:
  world: ourservers
  x: -894.8822846879915
  y: 76.0
  z: -446.30000001192093
  yaw: 43.49134
  pitch: 11.400062
