lastAccountName: yapidor
timestamps:
  login: 1561299825935
  logout: 1561299856168
ipAddress: 77.222.101.57
lastlocation:
  world: ourservers
  x: -914.0
  y: 68.0
  z: -442.0
  yaw: 0.0
  pitch: 0.0
geolocation: Russia
logoutlocation:
  world: ourservers
  x: -913.5
  y: 68.0
  z: -441.5
  yaw: -88.959755
  pitch: 2.7209521E-6
