spawns: 
  default: 
    world: world
    x: -913.7155817018463
    y: 68.0
    z: -441.5138948241833
    yaw: -88.959755
    pitch: 2.7209521E-6
