world: world
x: -778.6644548565739
y: 58.0
z: -670.4490676276785
yaw: -270.39453
pitch: 21.70747
name: нычка
lastowner: fd73eef9-d6a5-33be-8df4-7dce59a298ee
