world: PeonyPlanet
x: 4812.226174543154
y: 70.0
z: 3136.333313990484
yaw: -52.257538
pitch: 41.202564
name: жопа
lastowner: fd73eef9-d6a5-33be-8df4-7dce59a298ee
