world: world
x: -258.42685844881373
y: 51.0
z: -385.78657819262594
yaw: -358.9989
pitch: 14.781395
name: каноха
lastowner: fd73eef9-d6a5-33be-8df4-7dce59a298ee
