world: PeonyPlanet
x: 4829.488861655657
y: 35.0
z: 3026.9717469278344
yaw: -158.21754
pitch: 64.91185
name: жопа2
lastowner: fd73eef9-d6a5-33be-8df4-7dce59a298ee
