world: world
x: -864.2268394446088
y: 68.0
z: -305.67576979039455
yaw: -266.1751
pitch: 15.415891
name: arena
lastowner: fd73eef9-d6a5-33be-8df4-7dce59a298ee
