world: world
x: 6785.266517426687
y: 116.0
z: -353.92250957689185
yaw: 140.92537
pitch: -5.597455
name: BasicJutsu
lastowner: fd73eef9-d6a5-33be-8df4-7dce59a298ee
