world: world_the_end
x: 281.333273773235
y: 61.0
z: -495.24345930348215
yaw: -183.49023
pitch: 3.065604
name: firstjoin
lastowner: fd73eef9-d6a5-33be-8df4-7dce59a298ee
