world: world
x: 6133.45074049117
y: 67.0
z: -432.69552897515234
yaw: -358.27905
pitch: 3.3695765
name: FrogLand
lastowner: fd73eef9-d6a5-33be-8df4-7dce59a298ee
