world: world
x: 6892.23425932178
y: 140.0
z: -1118.8755164189477
yaw: -217.05011
pitch: 4.5329347
name: FullJutsu
lastowner: fd73eef9-d6a5-33be-8df4-7dce59a298ee
