world: world
x: -837.0622130663737
y: 26.0
z: -455.9725815652446
yaw: -37.969532
pitch: 11.3227415
name: kakayto_huynya
lastowner: fd73eef9-d6a5-33be-8df4-7dce59a298ee
