world: world
x: 6244.252340185551
y: 158.0
z: -738.9388651546714
yaw: -47.087646
pitch: 11.3486395
name: KenjutsuArena
lastowner: fd73eef9-d6a5-33be-8df4-7dce59a298ee
