world: world
x: -1057.2300383781271
y: 81.0
z: -611.2984668389876
yaw: -304.02637
pitch: 2.9893925
name: npc
lastowner: fd73eef9-d6a5-33be-8df4-7dce59a298ee
