world: world
x: 7031.631659726271
y: 72.0
z: -266.6079299613139
yaw: -84.6416
pitch: -4.8890185
name: SlimeForest
lastowner: fd73eef9-d6a5-33be-8df4-7dce59a298ee
