world: world
x: 8112.421847396481
y: 151.0
z: -260.42913158173326
yaw: -242.20642
pitch: 77.73416
name: SnakeCave
lastowner: fd73eef9-d6a5-33be-8df4-7dce59a298ee
