world: world
x: 6587.3319215165275
y: 128.0
z: -802.6418129260273
yaw: -307.8368
pitch: 1.2416464
name: StandartArena
lastowner: fd73eef9-d6a5-33be-8df4-7dce59a298ee
