world: world_the_end
x: 281.18270503180224
y: 61.0
z: -494.464781674413
yaw: -167.97731
pitch: 7.8009815
name: Start
lastowner: fd73eef9-d6a5-33be-8df4-7dce59a298ee
