world: Survival
x: -165.01077518166684
y: 64.0
z: -29.476207987892035
yaw: -185.81226
pitch: 84.9846
name: Survival
lastowner: fd73eef9-d6a5-33be-8df4-7dce59a298ee
