world: world
x: 6359.076224556008
y: 196.0
z: 546.5049581363257
yaw: -87.4921
pitch: -4.9892015
name: TaijutsuArena
lastowner: fd73eef9-d6a5-33be-8df4-7dce59a298ee
