world: world
x: -292.06164535254504
y: 72.0
z: -358.39439574113425
yaw: -85.64111
pitch: 11.0578375
name: train
lastowner: fd73eef9-d6a5-33be-8df4-7dce59a298ee
