world: ForNinjaWorld
x: -1181.9275629926794
y: 114.0
z: -5005.197088954324
yaw: -170.64825
pitch: 36.095936
name: xuy
lastowner: fd73eef9-d6a5-33be-8df4-7dce59a298ee
